6.0
6.1
6.10
6.10
6.11
6.3
6.5
6.5
6.5
6.6
6.6
6.7
6.7
6.8
6.9
6.9
6.9
7.0
5.11
6.10
6.11
6.11
6.11
6.2
6.2
6.3
6.5
6.5
6.5
6.5
6.5
6.6
6.6
6.7
6.7
6.8
6.8
6.9
6.9
6.9
0
5.10
5.11
6.0
6.10
6.3
6.3
6.4
6.4
6.6
6.6
6.6
6.7
6.8
6.8
6.8
7.0
7.5
6.1
6.1
6.10
6.11
6.3
6.4
6.5
6.5
6.6
6.6
6.7
6.8
6.9
7.0
6.10
6.10
6.3
6.3
6.4
6.4
6.5
6.5
6.6
6.7
6.7
6.7
6.8
6.8
6.9
7.0
7.2
0
6.1
6.1
6.10
6.10
6.10
6.2
6.3
6.3
6.4
6.4
6.5
6.7
6.7
6.7
6.8
6.8
6.9
6.9
0
5.10
6.0
6.1
6.10
6.10
6.2
6.4
6.5
6.5
6.5
6.5
6.6
6.7
6.7
6.7
7.0
7.3
7.4
6.10
6.10
6.11
6.2
6.4
6.4
6.4
6.5
6.6
6.7
6.7
6.8
6.8
6.8
6.8
7.0
7.2
6.0
6.0
6.1
6.10
6.11
6.2
6.2
6.3
6.3
6.4
6.5
6.5
6.6
6.7
6.7
6.8
6.9
6.9
7.0
6.1
6.10
6.2
6.2
6.3
6.3
6.4
6.5
6.5
6.6
6.6
6.6
6.7
6.9
6.9
7.0
5.9
6.3
6.3
6.3
6.3
6.3
6.5
6.5
6.5
6.6
6.6
6.6
6.7
6.8
6.8
6.8
6.9
6.9
7.0
7.0
6.0
6.1
6.10
6.11
6.11
6.11
6.3
6.4
6.4
6.5
6.5
6.6
6.6
6.7
6.7
6.7
6.8
6.1
6.1
6.11
6.3
6.4
6.4
6.5
6.7
6.7
6.7
6.8
6.8
6.8
6.8
6.8
6.9
7.0
6.1
6.1
6.10
6.10
6.10
6.3
6.3
6.4
6.5
6.5
6.6
6.6
6.6
6.8
6.8
6.8
6.9
7.0
6.0
6.10
6.11
6.11
6.2
6.3
6.3
6.4
6.5
6.6
6.6
6.7
6.8
6.8
6.8
6.8
6.9
6.10
6.11
6.2
6.2
6.3
6.3
6.5
6.6
6.6
6.6
6.6
6.7
6.7
6.8
6.8
6.8
6.9
7.0
5.11
6.1
6.10
6.11
6.3
6.4
6.4
6.5
6.5
6.6
6.7
6.7
6.8
6.9
7.0
7.0
5.11
6.11
6.4
6.4
6.4
6.4
6.4
6.5
6.5
6.6
6.6
6.7
6.8
6.8
6.9
6.9
6.9
6.0
6.10
6.11
6.3
6.3
6.3
6.3
6.4
6.5
6.5
6.5
6.6
6.6
6.6
6.7
6.9
6.9
5.10
6.1
6.10
6.2
6.3
6.4
6.4
6.5
6.6
6.6
6.6
6.7
6.7
6.8
6.9
7.0
6.1
6.1
6.10
6.10
6.10
6.11
6.3
6.4
6.5
6.5
6.5
6.6
6.7
6.8
6.8
6.9

5.11
6.1
6.11
6.11
6.3
6.5
6.5
6.6
6.6
6.6
6.6
6.7
6.7
6.7
6.8
6.8
6.9
6.9
7.0
6.1
6.10
6.10
6.3
6.5
6.5
6.5
6.5
6.6
6.6
6.6
6.7
6.7
6.8
6.9
6.9
7.0
6.1
6.1
6.10
6.10
6.10
6.11
6.3
6.3
6.4
6.5
6.5
6.6
6.7
6.8
6.8
6.8
7.0
6.11
6.2
6.3
6.3
6.5
6.5
6.8
6.8
6.8
6.8
6.8
6.9
6.9
7.0
7.0
7.2
6.0
6.1
6.10
6.10
6.10
6.11
6.11
6.3
6.3
6.4
6.4
6.5
6.6
6.7
6.8
6.8
6.9
7.0
6.1
6.10
6.11
6.11
6.2
6.3
6.4
6.4
6.5
6.5
6.5
6.6
6.8
6.9
6.9
6.9
7.1
6.0
6.0
6.1
6.10
6.11
6.3
6.4
6.4
6.6
6.6
6.6
6.7
6.7
6.7
6.7
6.9
6.9
7.0
6.0
6.1
6.1
6.10
6.2
6.3
6.3
6.4
6.4
6.5
6.5
6.6
6.7
6.7
6.7
6.8
6.9
7.1
5.9
6.0
6.0
6.1
6.10
6.10
6.11
6.11
6.3
6.3
6.4
6.4
6.5
6.5
6.6
6.6
6.8
6.8
6.9
6.9
7.2
